


                                                     Total Liabilities to Foreigners by Type and Country   All Countries and IROs (99996)
                                         [Position at end of period in millions of dollars.  Source: Treasury International Capital Reporting System]


                                                                                        Liabilities payable in dollars
                             ----------------------------------------------------------------------------------------------------------------------------------------------------
                                                                       Non-negotiable                                                                            Selected
                                                                          deposits                   Negotiable CDs and short-term securities               other liabilities
                                                                  ------------------------  -----------------------------------------------------------  ------------------------

                                                                    Held by                                                      of which:                 Held by
                                                                    foreign                   Held by                 of which:    other                   foreign
                                                        Total       official                  foreign                  short-      short-                  official                   Total
                                         Total own     custody    institutions                official                term U.S.     term                 institutions              liabilities
                              Payable   liabilities  liabilities      and        Held by    institutions   Held by    Treasury   negotiable  of which:       and        Held by    payable in
          End                   in        payable      payable      foreign     all other   and foreign   all other    obliga-   securities  negotiable    foreign     all other     foreign
           of       TOTAL     dollars   in dollars   in dollars      banks      foreigners     banks      foreigners    tions    (excl.CDs)     CDs         banks      foreigners  currencies
Cntry    Month       [1]        [2]         [3]          [4]          [5]          [6]          [7]          [8]         [9]        [10]        [11]         [12]         [13]        [14]
-----   -------   ---------  ---------  -----------  -----------  ------------  ----------  ------------  ----------  ---------  ----------  ----------  ------------  ----------  -----------
99996   2021-05        n.a.  6,467,171    4,413,947    2,053,224     1,294,155   1,101,786       499,893     631,642    887,846     118,528     125,161     1,308,191   1,631,504         n.a.
99996   2021-04        n.a.  6,274,288    4,230,792    2,043,496     1,281,298   1,074,884       505,951     623,923    906,384     103,346     120,144     1,251,849   1,536,383         n.a.
99996   2021-03   6,552,365  6,217,613    4,129,911    2,087,702     1,280,717   1,033,776       548,914     628,060    966,499     100,946     109,529     1,177,350   1,548,796      334,752
99996   2021-02        n.a.  6,283,624    4,142,242    2,141,382     1,231,084   1,063,066       591,854     648,665  1,035,572      97,339     107,608     1,232,702   1,516,253         n.a.
99996   2021-01        n.a.  6,181,078    4,052,977    2,128,101     1,236,358   1,017,499       555,725     662,539  1,015,077      98,025     105,162     1,212,311   1,496,646         n.a.
99996   2020-12   6,450,218  6,118,160    3,991,532    2,126,628     1,257,410     983,523       541,529     677,546  1,027,314      87,049     104,712     1,180,839   1,477,313      332,058
99996   2020-11        n.a.  6,183,532    4,060,296    2,123,236     1,250,495   1,008,106       556,775     656,934  1,024,089      87,401     102,219     1,206,765   1,504,457         n.a.
99996   2020-10        n.a.  5,988,928    3,864,320    2,124,608     1,237,422     956,804       556,338     650,268  1,011,133      87,648     107,825     1,151,332   1,436,764         n.a.
99996   2020-09   6,417,614  6,069,226    3,934,346    2,134,880     1,272,518     937,513       555,307     668,090  1,017,297      92,835     113,265     1,172,294   1,463,504      348,388
99996   2020-08        n.a.  6,213,613    4,022,216    2,191,397     1,283,896     978,701       573,976     697,163  1,047,630     110,287     113,222     1,225,142   1,454,735         n.a.
99996   2020-07        n.a.  6,143,642    3,960,273    2,183,369     1,264,415     952,181       578,185     691,948  1,039,551     112,575     118,007     1,215,249   1,441,664         n.a.
99996   2020-06   6,543,572  6,222,688    4,048,183    2,174,505     1,298,426     942,011       577,216     682,520  1,040,649     113,965     105,122     1,242,383   1,480,132      320,884
99996   2020-05        n.a.  6,318,654    4,187,037    2,131,617     1,355,069     968,496       550,133     651,248    961,927     120,864     118,590     1,321,460   1,472,248         n.a.
99996   2020-04        n.a.  6,468,559    4,423,897    2,044,662     1,469,568     979,180       506,965     603,404    881,201     109,350     119,818     1,441,319   1,468,123         n.a.
99996   2020-03   6,572,998  6,253,678    4,422,519    1,831,159     1,468,073     967,780       439,338     486,882    729,509     103,922      92,789     1,401,485   1,490,120      319,320
99996   2020-02        n.a.  5,658,782    3,818,001    1,840,781     1,184,356     882,175       484,023     507,311    737,454     121,127     132,753     1,198,887   1,402,030         n.a.
99996   2020-01        n.a.  5,662,590    3,837,044    1,825,546     1,225,240     884,974       461,424     503,868    705,749     124,718     134,825     1,225,102   1,361,982         n.a.
99996   2019-12   5,787,445  5,473,048    3,649,957    1,823,091     1,158,680     848,237       431,373     524,068    716,057     118,463     120,921     1,172,900   1,337,790      314,397
99996   2019-11        n.a.  5,527,534    3,722,365    1,805,169     1,164,071     854,371       439,312     522,837    727,916     139,725      94,508     1,201,096   1,345,847         n.a.
99996   2019-10        n.a.  5,408,590    3,612,282    1,796,308     1,142,659     842,386       455,824     522,697    744,034     139,550      94,937     1,138,746   1,306,278         n.a.
99996   2019-09   5,776,233  5,457,153    3,640,343    1,816,810     1,150,843     841,460       462,941     534,479    763,188     135,413      98,819     1,132,081   1,335,349      319,080
99996   2019-08        n.a.  5,466,390    3,660,848    1,805,542     1,107,808     844,011       468,975     516,815    751,458     133,722     100,610     1,186,793   1,341,988         n.a.
99996   2019-07        n.a.  5,413,000    3,645,081    1,767,919     1,112,262     841,419       459,737     482,642    720,336     123,014      99,029     1,184,105   1,332,835         n.a.
99996   2019-06   5,663,204  5,317,884    3,559,726    1,758,158     1,084,260     829,646       455,240     469,524    707,819     113,820     103,125     1,185,825   1,293,389      345,320
99996   2019-05        n.a.  5,395,186    3,623,736    1,771,450     1,104,134     811,451       459,863     497,446    728,488     121,137     107,684     1,207,074   1,315,218         n.a.
99996   2019-04        n.a.  5,422,620    3,651,455    1,771,165     1,112,882     821,278       471,162     491,077    735,776     114,605     111,858     1,234,182   1,292,039         n.a.
99996   2019-03   5,678,172  5,362,834    3,560,415    1,802,419     1,084,337     800,325       483,377     517,037    765,441     116,243     118,730     1,157,347   1,320,411      315,338
99996   2019-02        n.a.  5,320,408    3,588,959    1,731,449     1,083,483     817,516       478,889     494,517    740,888     115,509     117,009     1,155,332   1,290,671         n.a.
99996   2019-01        n.a.  5,330,605    3,588,894    1,741,711     1,069,587     803,261       458,079     521,632    733,495     123,090     123,126     1,211,614   1,266,432         n.a.
99996   2018-12   5,614,848  5,309,102    3,553,534    1,755,568     1,101,066     805,965       465,666     518,019    746,676     121,073     115,936     1,193,109   1,225,277      305,746
99996   2018-11        n.a.  5,324,741    3,592,920    1,731,821     1,131,778     810,954       449,284     533,521    743,671     123,364     115,770     1,178,008   1,221,196         n.a.
99996   2018-10        n.a.  5,219,602    3,519,162    1,700,440     1,101,368     815,975       444,496     531,075    723,838     128,636     123,097     1,149,416   1,177,272         n.a.
99996   2018-09   5,405,891  5,126,710    3,440,335    1,686,375     1,091,792     827,894       450,961     514,557    715,577     134,697     115,244     1,091,404   1,150,102      279,181
99996   2018-08        n.a.  5,156,871    3,454,969    1,701,902     1,088,978     813,474       478,450     531,291    751,616     139,078     119,047     1,116,218   1,128,460         n.a.
99996   2018-07        n.a.  5,183,338    3,489,388    1,693,950     1,064,936     825,788       491,832     535,029    759,405     147,552     119,904     1,148,256   1,117,497         n.a.
99996   2018-06   5,514,247  5,250,359    3,560,530    1,689,829     1,098,429     837,016       477,505     543,595    750,747     145,798     124,555     1,173,584   1,120,230      263,888
99996   2018-05        n.a.  5,090,041    3,667,108    1,422,933     1,161,246     823,926       494,442     520,639    741,477     151,339     122,265     1,235,022     854,766         n.a.
99996   2018-04        n.a.  5,106,905    3,716,437    1,390,468     1,209,142     825,829       498,759     490,128    711,877     153,352     123,658     1,242,026     841,021         n.a.
99996   2018-03   5,323,884  5,051,863    3,670,656    1,381,207     1,177,853     826,239       489,730     493,549    717,150     153,077     113,052     1,248,764     815,728      272,021
99996   2018-02        n.a.  5,168,245    3,769,876    1,398,369     1,175,854     830,745       507,022     493,500    727,555     152,935     120,032     1,285,936     875,188         n.a.
99996   2018-01        n.a.  5,137,816    3,788,277    1,349,539     1,217,577     840,798       492,032     466,176    710,774     136,202     111,232     1,325,232     796,001         n.a.
99996   2017-12   5,228,260  4,977,402    3,646,315    1,331,087     1,189,658     790,200       483,856     463,796    703,141     133,422     111,089     1,268,538     781,354      250,858
99996   2017-11        n.a.  5,035,954    3,795,423    1,240,531     1,215,258     821,411       516,724     459,796    710,663     144,444     121,413     1,295,636     727,129         n.a.
99996   2017-10        n.a.  5,066,576    3,823,501    1,243,075     1,221,394     833,728       509,223     472,897    710,774     145,941     125,405     1,292,720     736,614         n.a.
99996   2017-09   5,161,350  4,915,461    3,713,927    1,201,534     1,163,126     809,332       490,063     442,409    682,136     125,326     125,010     1,276,607     733,924      245,889
99996   2017-08        n.a.  5,039,197    3,847,323    1,191,874     1,247,120     821,622       485,330     448,052    673,704     130,617     129,061     1,315,624     721,449         n.a.
99996   2017-07        n.a.  4,983,603    3,756,931    1,226,672     1,205,250     818,088       492,124     473,136    679,666     148,598     136,996     1,294,918     700,087         n.a.
99996   2017-06   5,157,252  4,893,482    3,680,345    1,213,137     1,169,480     788,557       481,883     468,457    673,004     138,377     138,959     1,255,955     729,150      263,770
99996   2017-05        n.a.  4,846,464    3,666,061    1,180,403     1,163,338     772,957       486,898     479,288    684,009     144,643     137,534     1,213,809     730,174         n.a.
99996   2017-04        n.a.  4,868,140    3,715,192    1,152,948     1,151,986     778,941       478,866     462,329    664,810     145,123     131,262     1,256,018     740,000         n.a.
99996   2017-03   4,998,251  4,757,583    3,619,343    1,138,240     1,109,282     763,910       465,086     470,086    669,184     140,291     125,697     1,235,504     713,715      240,668
99996   2017-02        n.a.  4,810,343    3,675,073    1,135,270     1,147,229     748,660       459,505     475,299    656,598     151,099     127,107     1,281,527     698,123         n.a.
99996   2017-01        n.a.  4,815,153    3,666,278    1,148,875     1,190,701     729,119       463,991     484,850    668,832     147,978     132,031     1,273,933     672,559         n.a.
99996   2016-12   4,889,098  4,655,157    3,514,240    1,140,917     1,085,390     727,905       458,174     481,991    668,867     148,166     123,132     1,202,750     698,947      233,941
99996   2016-11        n.a.  4,744,354    3,622,362    1,121,992     1,175,251     734,967       469,729     446,160    662,636     138,898     114,355     1,203,204     715,043         n.a.
99996   2016-10        n.a.  4,801,199    3,665,750    1,135,449     1,209,364     731,679       470,899     452,301    662,663     143,453     117,084     1,235,426     701,530         n.a.
99996   2016-09   5,003,415  4,769,359    3,614,517    1,154,842     1,114,086     733,290       477,008     473,244    698,788     141,207     110,257     1,271,488     700,243      234,056
99996   2016-08        n.a.  4,800,795    3,674,890    1,125,905     1,182,676     709,836       465,255     462,667    689,553     134,990     103,379     1,310,669     669,692         n.a.
99996   2016-07        n.a.  4,834,756    3,729,701    1,105,055     1,234,700     713,971       456,781     452,969    682,512     125,175     102,063     1,300,554     675,781         n.a.
99996   2016-06   5,078,618  4,845,184    3,729,861    1,115,323     1,173,276     731,277       453,122     466,662    688,156     127,866     103,762     1,330,798     690,049      233,434
99996   2016-05        n.a.  4,911,121    3,809,634    1,101,487     1,263,582     723,948       455,130     456,637    692,536     119,767      99,464     1,344,289     667,535         n.a.
99996   2016-04        n.a.  4,877,024    3,766,262    1,110,762     1,219,974     713,047       460,356     462,421    700,381     121,756     100,640     1,371,688     649,538         n.a.
99996   2016-03   4,957,041  4,724,480    3,599,350    1,125,130     1,143,698     709,132       473,211     468,888    726,608     119,539      95,952     1,295,344     634,207      232,561
99996   2016-02        n.a.  4,893,311    3,771,197    1,122,114     1,248,688     695,150       487,258     453,111    717,474     123,218      99,677     1,356,453     652,651         n.a.
99996   2016-01        n.a.  4,923,276    3,794,514    1,128,762     1,317,995     669,916       498,495     449,324    720,428     129,441      97,950     1,346,053     641,493         n.a.
99996   2015-12   4,954,462  4,734,074    3,605,986    1,128,088     1,239,499     686,271       523,926     427,399    724,731     130,950      95,644     1,239,923     617,056      220,388
99996   2015-11        n.a.  4,833,842    3,776,926    1,056,916     1,348,186     678,264       497,182     395,995    670,608     125,946      96,623     1,273,274     640,941         n.a.
99996   2015-10        n.a.  4,844,691    3,840,094    1,004,597     1,368,931     670,948       469,708     374,957    618,843     128,661      97,161     1,306,025     654,122         n.a.
99996   2015-09   5,040,775  4,737,873    3,698,806    1,039,067     1,270,549     660,164       502,072     382,133    667,144     128,416      88,645     1,289,850     633,105      302,902
99996   2015-08        n.a.  5,060,253    3,984,676    1,075,577     1,409,602     686,035       533,122     384,838    701,956     122,521      93,483     1,373,856     672,800         n.a.
99996   2015-07        n.a.  4,998,955    3,926,335    1,072,620     1,391,764     688,838       529,087     389,809    694,919     132,323      91,654     1,347,982     651,475         n.a.
99996   2015-06   5,075,625  4,773,764    3,688,855    1,084,909     1,254,144     695,801       535,594     396,556    701,278     144,531      86,341     1,262,360     629,309      301,861
99996   2015-05        n.a.  5,063,609    3,972,298    1,091,311     1,395,022     695,004       550,439     389,387    701,284     146,958      91,584     1,364,417     669,340         n.a.
99996   2015-04        n.a.  5,098,457    4,010,932    1,087,525     1,405,321     697,343       535,668     399,652    689,445     149,030      96,845     1,389,953     670,520         n.a.
99996   2015-03   5,228,327  4,935,109    3,845,461    1,089,648     1,260,868     706,056       538,443     402,015    702,290     142,578      95,590     1,352,591     675,136      293,218
99996   2015-02        n.a.  5,095,497    4,018,328    1,077,169     1,392,492     695,118       527,341     395,708    680,741     144,657      97,651     1,392,958     691,880         n.a.
99996   2015-01        n.a.  5,045,319    3,993,630    1,051,689     1,388,815     697,131       515,373     385,380    660,826     144,513      95,414     1,381,056     677,564         n.a.
99996   2014-12   5,152,079  4,847,339    3,804,396    1,042,943     1,338,248     670,462       501,281     409,257    671,641     136,717     102,180     1,261,833     666,258      304,740
99996   2014-11        n.a.  5,112,226    4,061,343    1,050,883     1,503,722     676,310       498,870     399,574    646,843     150,448     101,153     1,357,674     676,076         n.a.
99996   2014-10        n.a.  5,089,081    4,044,217    1,044,864     1,480,293     658,358       493,316     404,961    638,018     156,355     103,904     1,397,858     654,295         n.a.
99996   2014-09   5,248,902  4,944,431    3,924,080    1,020,351     1,431,056     659,037       478,928     393,334    614,066     152,145     106,051     1,319,916     662,160      304,471
99996   2014-08        n.a.  5,154,705    4,110,823    1,043,882     1,545,227     637,302       496,464     400,262    630,254     159,620     106,852     1,417,672     657,778         n.a.
99996   2014-07        n.a.  5,042,737    4,017,875    1,024,862     1,491,350     636,143       479,545     400,524    620,033     153,647     106,389     1,378,807     656,368         n.a.
99996   2014-06   5,254,762  4,929,338    3,898,748    1,030,590     1,403,032     638,061       480,072     405,558    627,612     154,100     103,918     1,359,262     643,353      325,424
99996   2014-05        n.a.  5,028,814    3,993,873    1,034,941     1,460,035     622,449       496,935     398,283    642,745     153,762      98,711     1,414,404     636,708         n.a.
99996   2014-04        n.a.  4,985,512    3,952,970    1,032,542     1,438,495     619,358       501,083     391,986    647,699     149,822      95,548     1,390,211     644,379         n.a.
99996   2014-03   5,163,990  4,839,505    3,791,375    1,048,130     1,364,880     618,425       521,913     387,242    689,327     126,808      93,020     1,306,766     640,279      324,485
99996   2014-02        n.a.  4,977,401    3,927,759    1,049,642     1,510,379     606,534       524,136     387,079    679,479     134,221      97,515     1,333,905     615,368         n.a.
99996   2014-01        n.a.  4,849,226    3,805,068    1,044,158     1,445,318     587,389       527,828     373,772    676,761     124,932      99,907     1,317,796     597,123         n.a.
99996   2013-12   5,075,449  4,758,638    3,722,897    1,035,741     1,420,575     597,883       531,478     365,118    685,527     122,319      88,750     1,241,207     602,377      316,811
99996   2013-11        n.a.  4,604,061    3,560,170    1,043,891     1,415,597     575,775       509,916     350,902    651,257     126,758      82,803     1,220,215     531,656         n.a.
99996   2013-10        n.a.  4,596,759    3,571,362    1,025,397     1,416,876     569,721       503,282     339,993    629,752     129,104      84,419     1,241,683     525,204         n.a.
99996   2013-09   4,671,106  4,438,164    3,424,373    1,013,791     1,354,508     564,448       498,667     334,200    645,031     108,917      78,919     1,146,824     539,517      232,942
99996   2013-08        n.a.  4,530,494    3,491,751    1,038,743     1,444,143     561,179       498,850     360,016    671,349     111,381      76,136     1,130,041     536,265         n.a.
99996   2013-07        n.a.  4,552,779    3,504,805    1,047,974     1,454,625     565,510       497,524     364,613    653,880     125,143      83,114     1,151,731     518,776         n.a.
99996   2013-06   4,798,369  4,561,006    3,491,672    1,069,334     1,409,192     562,431       501,567     380,140    675,367     125,226      81,114     1,172,968     534,708      237,363
99996   2013-05        n.a.  4,551,817    3,485,449    1,066,368     1,391,477     564,889       512,052     369,281    667,490     136,706      77,137     1,172,798     541,320         n.a.
99996   2013-04        n.a.  4,540,948    3,438,738    1,102,210     1,406,569     547,857       531,846     378,093    706,486     126,044      77,409     1,134,870     541,713         n.a.
99996   2013-03   4,689,017  4,473,905    3,343,654    1,130,251     1,328,583     549,739       539,615     382,661    723,885     126,563      71,828     1,134,421     538,886      215,112
99996   2013-02        n.a.  4,437,903    3,341,506    1,096,397     1,380,694     515,868       508,273     380,954    690,441     128,546      70,240     1,130,146     521,968         n.a.
99996   2013-01        n.a.  4,386,984    3,302,071    1,084,913     1,400,462     526,996       500,200     374,635    674,622     128,730      71,483     1,066,020     518,671         n.a.
99996   2012-12   4,532,296  4,309,457    3,235,848    1,073,609     1,319,235     558,765       494,867     356,254    663,961     119,667      67,493     1,080,098     500,238      222,839
99996   2012-11        n.a.  4,261,236    3,182,018    1,079,218     1,278,012     538,007       499,388     359,372    676,584     121,075      61,101     1,090,164     496,293         n.a.
99996   2012-10        n.a.  4,304,919    3,233,549    1,071,370     1,330,686     532,629       491,691     357,384    672,198     120,786      56,091     1,098,218     494,311         n.a.
99996   2012-09   4,612,369  4,372,596    3,299,025    1,073,571     1,377,939     544,738       503,047     355,644    682,478     118,557      57,656     1,125,767     465,461      239,773
99996   2012-08        n.a.  4,347,638    3,291,215    1,056,423     1,373,952     512,284       486,551     358,010    659,307     127,948      57,306     1,154,693     462,148         n.a.
99996   2012-07        n.a.  4,312,624    3,302,159    1,010,465     1,395,676     527,975       467,726     330,181    618,281     120,957      58,669     1,129,669     461,397         n.a.
99996   2012-06   4,517,324  4,267,462    3,246,614    1,020,848     1,332,744     520,642       475,086     331,099    630,097     118,713      57,375     1,131,743     476,148      249,862
99996   2012-05        n.a.  4,359,889    3,337,021    1,022,868     1,365,071     523,872       466,593     342,778    629,681     122,225      57,465     1,171,256     490,319         n.a.
99996   2012-04        n.a.  4,508,943    3,487,332    1,021,611     1,429,265     513,603       452,452     358,090    620,309     129,611      60,622     1,176,349     579,184         n.a.
99996   2012-03   4,735,207  4,490,589    3,469,979    1,020,610     1,527,765     514,544       467,618     349,958    634,173     129,729      53,674     1,158,022     472,682      244,618
99996   2012-02        n.a.  4,592,992    3,568,453    1,024,539     1,606,288     511,364       470,119     345,599    632,098     130,074      53,546     1,186,336     473,286         n.a.
99996   2012-01        n.a.  4,497,518    3,533,071      964,447     1,606,165     499,879       445,253     335,725    604,384     125,427      51,167     1,151,636     458,860         n.a.
99996   2011-12   4,907,147  4,657,259    3,646,967    1,010,292     1,673,660     503,272       463,136     370,004    647,673     129,095      56,372     1,172,087     475,100      249,888
99996   2011-11        n.a.  4,608,897    3,582,498    1,026,399     1,662,101     488,248       482,185     359,019    649,492     137,203      54,509     1,174,256     443,088         n.a.
99996   2011-10        n.a.  4,606,394    3,613,465      992,929     1,680,679     493,469       475,155     332,792    623,205     131,377      53,365     1,175,461     448,838         n.a.
99996   2011-09   4,917,786  4,677,735    3,642,944    1,034,791     1,690,631     516,770       490,618     356,845    635,127     150,923      61,413     1,166,541     456,330      240,051
99996   2011-08        n.a.  4,744,409    3,707,580    1,036,829     1,709,518     493,783       515,565     333,402    631,761     154,569      62,637     1,215,575     476,566         n.a.
99996   2011-07        n.a.  4,472,414    3,459,523    1,012,891     1,512,392     480,705       492,167     331,697    603,392     156,240      64,232     1,198,141     457,312         n.a.
99996   2011-06   4,829,273  4,613,753    3,552,142    1,061,611     1,555,671     462,061       516,996     354,859    641,382     152,186      78,287     1,249,162     475,004      215,520
99996   2011-05        n.a.  4,921,657    3,854,724    1,066,933     1,664,162     456,397       530,812     348,566    646,213     149,632      83,533     1,447,275     474,445         n.a.
99996   2011-04        n.a.  4,850,690    3,773,693    1,076,997     1,573,583     442,618       526,442     361,385    654,872     153,324      79,631     1,445,452     501,210         n.a.
99996   2011-03   4,958,856  4,757,328    3,680,296    1,077,032     1,581,975     437,541       521,186     367,211    664,932     149,792      73,673     1,340,019     509,396      201,528
99996   2011-02        n.a.  4,526,246    3,435,489    1,090,757     1,435,187     425,280       544,334     351,799    679,761     145,524      70,848     1,294,120     475,526         n.a.
99996   2011-01        n.a.  4,419,254    3,331,759    1,087,495     1,395,688     421,573       551,598     347,711    681,049     148,330      69,930     1,239,168     463,516         n.a.
99996   2010-12   4,621,863  4,453,564    3,332,931    1,120,633     1,443,273     412,115       587,901     344,774    729,959     143,597      59,119     1,226,523     438,978      168,299
99996   2010-11        n.a.  4,378,456    3,209,994    1,168,462     1,355,294     407,088       632,221     344,920    758,816     151,755      66,570     1,183,410     455,523         n.a.
99996   2010-10        n.a.  4,439,157    3,230,150    1,209,007     1,382,288     402,038       658,346     358,751    781,094     163,649      72,354     1,191,002     446,732         n.a.
99996   2010-09   4,655,964  4,443,949    3,265,932    1,178,017     1,416,949     402,613       627,947     354,663    755,572     164,525      62,513     1,193,043     448,734      212,015
99996   2010-08        n.a.  4,304,919    3,101,747    1,203,172     1,388,172     397,622       643,076     366,555    780,417     161,305      67,909     1,095,559     413,935         n.a.
99996   2010-07        n.a.  4,291,090    3,118,102    1,172,988     1,377,637     400,772       614,456     362,446    751,958     157,550      67,394     1,104,345     431,434         n.a.
99996   2010-06   4,501,471  4,289,298    3,147,382    1,141,916     1,380,233     409,612       580,203     365,511    726,750     157,224      61,740     1,118,647     435,092      212,173
99996   2010-05        n.a.  4,255,092    3,124,563    1,130,529     1,331,123     401,362       582,083     345,064    713,851     155,771      57,525     1,116,075     479,385         n.a.
99996   2010-04        n.a.  4,288,601    3,145,323    1,143,278     1,340,480     395,612       607,470     332,626    721,790     151,865      66,441     1,145,180     467,233         n.a.
99996   2010-03   4,504,253  4,302,096    3,160,898    1,141,198     1,401,474     398,969       601,667     338,286    725,687     154,844      59,422     1,114,415     447,285      202,157
99996   2010-02        n.a.  4,219,158    3,091,020    1,128,138     1,386,185     395,373       591,866     330,469    701,000     160,134      61,201     1,077,096     438,169         n.a.
99996   2010-01        n.a.  4,204,282    3,044,752    1,159,530     1,366,645     389,898       611,065     336,988    705,914     174,677      67,462     1,078,719     420,967         n.a.
99996   2009-12   4,479,967  4,257,471    3,066,417    1,191,054     1,378,458     379,931       640,473     338,544    750,437     163,065      65,515     1,080,722     439,343      222,496
99996   2009-11        n.a.  4,299,654    3,039,833    1,259,821     1,326,375     382,883       696,891     339,530    804,190     162,505      69,726     1,095,236     458,739         n.a.
99996   2009-10        n.a.  4,340,127    3,051,189    1,288,938     1,341,684     384,546       707,265     358,732    824,708     170,748      70,541     1,117,350     430,550         n.a.
99996   2009-09   4,650,930  4,409,793    3,048,294    1,361,499     1,306,422     367,026       714,706     395,559    862,615     181,778      65,872     1,169,306     456,774      241,137
99996   2009-08        n.a.  4,344,130    2,966,415    1,377,715     1,271,873     361,811       742,388     380,273    867,829     188,762      66,070     1,140,865     446,920         n.a.
99996   2009-07        n.a.  4,293,770    2,897,142    1,396,628     1,188,338     359,283       757,962     382,187    870,532     205,717      63,900     1,151,945     454,055         n.a.
99996   2009-06   4,539,560  4,281,828    2,882,005    1,399,823     1,168,105     377,406       744,777     397,907    856,841     218,498      67,345     1,175,212     418,421      257,732
99996   2009-05        n.a.  4,475,167    3,038,281    1,436,886     1,293,162     371,522       767,145     399,428    866,044     229,144      71,385     1,170,673     473,237         n.a.
99996   2009-04        n.a.  4,446,328    3,034,136    1,412,192     1,283,385     382,043       713,494     414,061    813,003     239,067      75,485     1,197,715     455,630         n.a.
99996   2009-03   4,735,206  4,474,384    3,019,029    1,455,355     1,290,592     390,415       731,871     441,753    858,614     236,755      78,255     1,189,985     429,768      260,822
99996   2009-02        n.a.  4,451,269    3,024,563    1,426,706     1,277,560     400,399       712,820     431,721    810,019     257,958      76,564     1,196,981     431,788         n.a.
99996   2009-01        n.a.  4,590,155    3,202,117    1,388,038     1,358,637     405,432       679,327     418,620    741,565     265,858      90,524     1,241,293     486,846         n.a.
99996   2008-12   4,906,656  4,605,981    3,248,149    1,357,832     1,346,303     464,731       651,928     448,022    758,010     254,082      87,858     1,213,398     481,599      300,675
99996   2008-11        n.a.  4,725,940    3,369,906    1,356,034     1,399,647     443,570       634,387     449,462    732,058     265,375      86,416     1,296,478     502,396         n.a.
99996   2008-10        n.a.  4,722,355    3,416,518    1,305,837     1,357,955     435,399       589,917     439,501    650,282     288,418      90,718     1,367,922     531,661         n.a.
99996   2008-09   4,751,661  4,488,470    3,275,426    1,213,044     1,133,272     461,443       534,962     402,038    504,793     331,477     100,730     1,344,793     611,962      263,191
99996   2008-08        n.a.  4,578,279    3,382,315    1,195,964     1,078,827     495,778       507,421     389,369    411,211     370,429     115,150     1,345,609     761,275         n.a.
99996   2008-07        n.a.  4,547,734    3,374,645    1,173,089     1,128,742     495,944       495,462     372,704    379,472     381,462     107,232     1,291,637     763,245         n.a.
99996   2008-06   4,820,962  4,541,182    3,367,054    1,174,128     1,131,355     483,830       485,508     372,306    376,743     374,007     107,064     1,301,081     767,102      279,780
99996   2008-05        n.a.  4,605,253    3,435,406    1,169,847     1,129,233     457,914       477,547     374,531    368,733     376,428     106,917     1,293,053     872,975         n.a.
99996   2008-04        n.a.  4,677,339    3,510,744    1,166,595     1,187,116     452,283       489,709     361,804    359,522     387,824     104,167     1,317,701     868,726         n.a.
99996   2008-03   5,038,379  4,723,712    3,543,069    1,180,643     1,229,864     459,340       484,604     370,522    355,671     396,163     103,292     1,336,985     842,397      314,667
99996   2008-02        n.a.  4,772,410    3,597,084    1,175,326     1,205,912     420,734       505,976     344,352    326,597     422,147     101,584     1,398,670     896,766         n.a.
99996   2008-01        n.a.  4,686,939    3,510,989    1,175,950     1,202,199     406,508       509,640     336,958    312,059     434,086     100,453     1,400,670     830,964         n.a.
99996   2007-12   4,706,310  4,426,409    3,301,255    1,125,154     1,224,239     317,724       481,520     322,956    300,538     409,274      94,664     1,381,944     698,026      279,901
99996   2007-11        n.a.  4,447,686    3,352,997    1,094,689     1,227,629     302,110       477,703     320,765    284,859     418,137      95,472     1,353,165     766,314         n.a.
99996   2007-10        n.a.  4,403,377    3,346,296    1,057,081     1,230,804     292,320       454,201     314,042    268,836     402,961      96,446     1,358,722     753,288         n.a.
99996   2007-09   4,471,671  4,269,138    3,246,247    1,022,891     1,184,731     288,971       417,769     297,875    260,049     368,024      87,571     1,348,123     731,669      202,533
99996   2007-08        n.a.  4,318,628    3,294,663    1,023,965     1,132,465     285,098       412,930     299,272    266,693     355,092      90,417     1,443,335     745,528         n.a.
99996   2007-07        n.a.  4,368,686    3,375,617      993,069     1,155,227     281,799       380,896     300,738    244,903     348,473      88,258     1,431,731     818,295         n.a.
99996   2007-06   4,396,297  4,195,834    3,257,109      938,725     1,145,878     267,391       359,927     277,157    226,604     327,215      83,265     1,398,177     747,304      200,463
99996   2007-05        n.a.  4,327,666    3,361,888      965,778     1,183,680     261,474       368,601     285,578    244,299     328,550      81,330     1,452,431     775,902         n.a.
99996   2007-04        n.a.  4,285,826    3,302,292      983,534     1,175,597     259,866       367,811     284,066    248,640     326,069      77,168     1,429,885     768,601         n.a.
99996   2007-03   4,294,248  4,130,731    3,124,627    1,006,104     1,098,923     251,952       392,155     276,233    277,170     316,287      74,931     1,395,754     715,714      163,517
99996   2007-02        n.a.  4,085,275    3,118,672      966,603     1,112,345     241,351       369,775     275,103    257,295     317,999      69,584     1,384,770     701,931         n.a.
99996   2007-01        n.a.  3,975,563    3,030,524      945,039     1,081,297     240,520       367,155     269,689    252,318     318,073      66,453     1,322,300     694,602         n.a.
99996   2006-12   4,010,359  3,851,558    2,924,438      927,120     1,076,714     238,576       380,304     242,314    250,886     305,577      66,155     1,262,926     650,724      158,801
99996   2006-11        n.a.  3,937,262    3,019,246      918,016     1,135,782     239,235       376,852     242,401    255,226     299,245      64,782     1,271,064     671,928         n.a.
99996   2006-10        n.a.  3,796,525    2,894,521      902,004     1,043,391     234,513       370,987     233,795    246,004     298,277      60,501     1,264,603     649,236         n.a.
99996   2006-09   3,861,892  3,735,502    2,833,908      901,594       970,611     231,391       378,564     231,920    242,236     307,279      60,969     1,290,017     632,999      126,390
99996   2006-08        n.a.  3,686,578    2,773,701      912,877       957,924     224,421       391,412     239,309    257,274     310,977      62,470     1,244,533     628,979         n.a.
99996   2006-07        n.a.  3,696,388    2,789,073      907,315       995,273     226,992       395,593     235,543    255,022     316,797      59,317     1,214,007     628,980         n.a.
99996   2006-06   3,760,497  3,634,824    2,753,053      881,771       975,188     229,538       393,994     227,334    250,825     312,974      57,529     1,189,714     619,056      125,673
99996   2006-05        n.a.  3,777,426    2,960,008      817,418     1,087,256     212,048       396,870     216,812    255,633     298,481      59,568     1,190,808     673,632         n.a.
99996   2006-04        n.a.  3,688,623    2,898,786      789,837     1,033,797     208,788       384,959     207,792    259,152     277,295      56,304     1,177,024     676,263         n.a.
99996   2006-03   3,657,688  3,541,069    2,753,463      787,606       954,567     208,055       394,579     192,495    278,193     255,716      53,165     1,130,840     660,533      116,619
99996   2006-02        n.a.  3,521,058    2,735,765      785,293       924,194     209,511       401,096     186,275    276,116     257,544      53,711     1,122,191     677,791         n.a.
99996   2006-01        n.a.  3,397,150    2,601,282      795,868       898,228     208,633       403,511     188,760    269,554     268,184      54,533     1,099,196     598,822         n.a.
99996   2005-12   3,186,729  3,080,907    2,299,950      780,957       886,674     157,127       398,948     180,493    259,843     266,004      53,594     1,004,928     452,737      105,822
99996   2005-11        n.a.  3,113,394    2,327,240      786,154       897,542     158,160       395,829     193,442    276,959     257,923      54,389     1,006,831     461,590         n.a.
99996   2005-10        n.a.  3,029,152    2,245,513      783,639       830,699     161,805       384,127     188,418    259,640     256,931      55,974       984,089     480,014         n.a.
99996   2005-09   3,173,048  3,048,751    2,271,154      777,597       882,612     168,172       382,745     183,219    254,492     259,074      52,398       953,289     478,714      124,297
99996   2005-08        n.a.  3,025,935    2,245,251      780,684       872,519     159,247       395,847     183,958    273,026     255,203      51,576       947,506     466,858         n.a.
99996   2005-07        n.a.  2,971,025    2,184,846      786,179       817,410     162,619       396,089     185,858    271,862     258,946      51,139       943,776     465,273         n.a.
99996   2005-06   3,083,163  2,965,599    2,163,877      801,722       835,780     160,350       406,703     186,009    278,880     262,121      51,711       927,101     449,656      117,564
99996   2005-05        n.a.  2,968,342    2,120,279      848,063       806,895     159,744       443,984     197,837    308,393     281,269      52,159       877,786     482,096         n.a.
99996   2005-04        n.a.  2,920,349    2,080,362      839,987       788,651     152,772       437,239     202,872    309,030     278,941      52,140       874,939     463,876         n.a.
99996   2005-03   2,937,616  2,833,917    2,014,963      818,954       748,109     153,801       423,564     192,177    310,010     247,914      57,817       850,441     465,825      103,699
99996   2005-02        n.a.  2,888,958    2,061,559      827,399       799,303     155,125       423,310     199,002    306,449     262,292      53,571       838,998     473,220         n.a.
99996   2005-01        n.a.  2,827,887    2,006,913      820,974       790,827     155,652       439,220     193,706    311,100     273,740      48,086       813,340     435,142         n.a.
99996   2004-12   3,017,873  2,911,516    2,082,981      828,535       800,316     154,756       447,742     186,210    318,783     266,909      48,260       842,321     480,171      106,357
99996   2004-11        n.a.  2,922,104    2,091,325      830,779       813,648     149,072       443,891     180,950    324,489     248,864      51,488       865,595     468,948         n.a.
99996   2004-10        n.a.  2,815,503    1,972,737      842,766       777,021     144,124       454,083     179,532    324,325     253,209      56,081       828,059     432,684         n.a.
99996   2004-09   2,823,461  2,732,461    1,905,951      826,510       739,565     141,364       436,031     172,324    325,354     231,214      51,787       815,438     427,739       91,000
99996   2004-08        n.a.  2,760,510    1,936,800      823,710       785,164     137,400       433,880     171,197    317,984     234,575      52,518       816,872     415,997         n.a.
99996   2004-07        n.a.  2,704,718    1,899,133      805,585       768,528     134,781       427,513     168,237    313,228     231,626      50,896       830,421     375,238         n.a.
99996   2004-06   2,728,528  2,642,009    1,854,321      787,688       746,906     136,605       413,369     166,373    309,377     223,016      47,349       799,821     378,935       86,519
99996   2004-05        n.a.  2,529,420    1,843,714      685,706       717,558     136,266       375,327     127,193    278,134     186,190      38,196       784,358     388,718         n.a.
99996   2004-04        n.a.  2,543,175    1,859,827      683,348       738,063     134,747       368,790     132,245    274,222     190,002      36,811       779,669     389,661         n.a.
99996   2004-03   2,586,414  2,515,098    1,823,526      691,572       732,297     133,606       389,743     124,819    283,343     195,394      35,825       787,364     347,269       71,316
99996   2004-02        n.a.  2,490,911    1,823,187      667,724       743,576     132,194       379,483     112,171    273,839     184,425      33,390       772,630     350,857         n.a.
99996   2004-01        n.a.  2,392,406    1,745,212      647,194       711,014     125,032       364,454     106,947    259,308     178,835      33,258       750,913     334,046         n.a.
99996   2003-12   2,382,470  2,315,606    1,677,193      638,413       730,744     122,059       349,248     112,323    258,797     168,380      34,394       702,503     298,729       66,864
99996   2003-11        n.a.  2,308,479    1,677,664      630,815       698,932     118,742       352,956     112,863    261,845     168,955      35,019       709,811     315,175         n.a.
99996   2003-10        n.a.  2,224,007    1,601,943      622,064       656,272     121,229       340,882     111,371    250,734     167,277      34,242       691,627     302,626         n.a.
99996   2003-09   2,312,515  2,244,781    1,627,608      617,173       713,877     119,532       336,423     108,779    252,623     155,841      36,738       698,512     267,658       67,734
99996   2003-08        n.a.  2,250,881    1,613,772      637,109       719,404     120,444       344,967     111,746    260,925     152,451      43,337       691,163     263,157         n.a.
99996   2003-07        n.a.  2,270,221    1,643,982      626,239       760,643     120,069       335,924     111,314    251,834     154,159      41,245       689,304     252,967         n.a.
99996   2003-06   2,286,551  2,212,604    1,572,694      639,910       747,003     119,952       339,432     118,013    255,495     159,055      42,895       660,617     227,587       73,947
99996   2003-05        n.a.  2,209,653    1,566,406      643,247       704,428     115,330       342,231     111,657    253,329     157,698      42,861       691,339     244,668         n.a.
99996   2003-04        n.a.  2,194,665    1,572,056      622,609       714,114     116,949       322,304     108,764    245,028     145,782      40,258       678,944     253,590         n.a.
99996   2003-03   2,246,544  2,158,436    1,536,262      622,174       703,555     114,487       325,859     110,529    250,903     146,251      39,234       668,177     235,829       88,108
99996   2003-02        n.a.  2,088,293    1,472,834      615,459       683,738     115,334       315,120     112,764    238,958     148,759      40,167       650,621     210,716         n.a.



